9.0 0.0 256.0 0.0 2.0 22.0 289.0 349232.0 0.0 68374.0 0.0 0.0 0.0 0.0 237684.0 1.0 0.0 0.0 0.0 0.0 0.0 
4.0 0.0 242.0 7.0 1.0 8.0 262.0 0.0 0.0 0.0 0.0 0.0 0.0 0.0 0.0 0.0 0.0 0.0 4.0 1.0 0.0 
12.0 0.0 153.0 1.0 3.0 23.0 192.0 292722.0 0.0 0.0 0.0 0.0 9644.0 0.0 0.0 0.0 0.0 0.0 1.0 0.0 0.0 
7.0 0.0 49.0 11.0 3.0 9.0 79.0 0.0 0.0 0.0 0.0 0.0 0.0 74452.0 0.0 0.0 0.0 0.0 3.0 6.0 0.0 
9.0 0.0 122.0 0.0 0.0 20.0 151.0 180470.0 0.0 311044.0 404691.0 253766.0 0.0 0.0 0.0 8.0 0.0 0.0 0.0 0.0 0.0 
13.0 0.0 221.0 2.0 5.0 16.0 257.0 67825.0 0.0 0.0 0.0 159909.0 0.0 235696.0 0.0 0.0 0.0 0.0 3.0 2.0 4.0 
15.0 0.0 92.0 4.0 0.0 22.0 133.0 0.0 0.0 167410.0 153511.0 130124.0 0.0 0.0 93393.0 2.0 2.0 0.0 1.0 0.0 0.0 
16.0 0.0 70.0 1.0 6.0 26.0 119.0 0.0 0.0 0.0 179452.0 0.0 0.0 335960.0 229560.0 2.0 0.0 0.0 2.0 2.0 1.0 
3.0 0.0 13.0 1.0 0.0 10.0 27.0 0.0 0.0 0.0 0.0 0.0 0.0 0.0 650160.0 0.0 0.0 0.0 1.0 0.0 0.0 
9.0 0.0 108.0 2.0 0.0 19.0 138.0 0.0 0.0 0.0 0.0 0.0 0.0 0.0 0.0 0.0 6.0 1.0 2.0 0.0 0.0 
6.0 0.0 314.0 0.0 1.0 13.0 334.0 259610.0 0.0 85628.0 0.0 0.0 26978.0 0.0 0.0 1.0 0.0 0.0 0.0 0.0 0.0 
9.0 0.0 65.0 0.0 11.0 12.0 97.0 0.0 0.0 156309.0 0.0 0.0 0.0 0.0 0.0 0.0 0.0 0.0 0.0 1.0 0.0 
9.0 0.0 161.0 2.0 2.0 20.0 194.0 88896.0 0.0 313772.0 0.0 76303.0 0.0 439863.0 0.0 1.0 0.0 0.0 4.0 2.0 0.0 
4.0 0.0 280.0 7.0 1.0 6.0 298.0 0.0 0.0 0.0 0.0 0.0 0.0 339590.0 0.0 0.0 0.0 0.0 1.0 2.0 0.0 
11.0 0.0 207.0 0.0 5.0 25.0 248.0 426327.0 0.0 214000.0 177393.0 57640.0 51343.0 0.0 90474.0 3.0 0.0 0.0 0.0 0.0 0.0 
14.0 0.0 252.0 0.0 14.0 27.0 307.0 134036.0 0.0 354982.0 0.0 206164.0 0.0 99162.0 0.0 1.0 0.0 0.0 0.0 0.0 0.0 
6.0 0.0 447.0 0.0 2.0 18.0 473.0 181776.0 0.0 0.0 298792.0 0.0 99067.0 11284.0 0.0 5.0 0.0 0.0 0.0 0.0 0.0 
10.0 0.0 222.0 0.0 1.0 13.0 246.0 324714.0 0.0 126081.0 0.0 168338.0 0.0 0.0 0.0 1.0 0.0 0.0 0.0 0.0 0.0 
27.0 0.0 97.0 11.0 3.0 24.0 162.0 0.0 0.0 0.0 119592.0 0.0 0.0 0.0 0.0 2.0 7.0 1.0 1.0 0.0 9.0 
8.0 0.0 331.0 3.0 2.0 19.0 363.0 424776.0 0.0 370252.0 141758.0 0.0 111974.0 165183.0 0.0 3.0 0.0 0.0 1.0 0.0 0.0 
25.0 0.0 131.0 40.0 3.0 37.0 236.0 0.0 0.0 0.0 0.0 0.0 0.0 0.0 0.0 0.0 0.0 0.0 2.0 4.0 0.0 
11.0 0.0 257.0 3.0 6.0 18.0 295.0 294846.0 0.0 0.0 0.0 0.0 160066.0 0.0 0.0 0.0 0.0 0.0 1.0 1.0 0.0 
11.0 0.0 334.0 1.0 4.0 12.0 362.0 342530.0 0.0 144139.0 0.0 0.0 0.0 229290.0 0.0 1.0 0.0 0.0 5.0 2.0 2.0 
4.0 0.0 137.0 0.0 5.0 8.0 154.0 120562.0 0.0 0.0 0.0 0.0 0.0 0.0 146563.0 1.0 0.0 0.0 0.0 0.0 0.0 
14.0 0.0 298.0 3.0 1.0 38.0 354.0 712645.0 0.0 127925.0 0.0 0.0 0.0 0.0 0.0 0.0 8.0 2.0 3.0 0.0 0.0 
14.0 0.0 332.0 0.0 3.0 30.0 379.0 194682.0 0.0 257460.0 0.0 79308.0 0.0 0.0 0.0 1.0 0.0 0.0 0.0 0.0 0.0 
5.0 0.0 534.0 6.0 1.0 23.0 569.0 864206.0 0.0 0.0 0.0 0.0 0.0 0.0 0.0 0.0 0.0 0.0 2.0 0.0 0.0 
9.0 0.0 399.0 11.0 2.0 20.0 441.0 475650.0 0.0 64401.0 32139.0 22165.0 0.0 0.0 0.0 3.0 0.0 0.0 1.0 1.0 0.0 
9.0 0.0 161.0 0.0 29.0 6.0 205.0 0.0 0.0 0.0 0.0 0.0 0.0 167993.0 0.0 0.0 0.0 0.0 0.0 0.0 12.0 
26.0 0.0 231.0 0.0 2.0 36.0 295.0 159550.0 0.0 0.0 191184.0 164379.0 108114.0 0.0 0.0 4.0 0.0 0.0 0.0 0.0 0.0 
9.0 0.0 119.0 0.0 4.0 18.0 150.0 0.0 0.0 116042.0 173341.0 167597.0 0.0 148086.0 159235.0 2.0 0.0 0.0 0.0 4.0 0.0 
6.0 0.0 75.0 0.0 0.0 13.0 94.0 0.0 0.0 187462.0 0.0 0.0 0.0 300520.0 132221.0 0.0 0.0 0.0 0.0 0.0 0.0 
47.0 1.0 63.0 34.0 1.0 57.0 203.0 164109.0 0.0 0.0 142842.0 0.0 0.0 0.0 0.0 1.0 12.0 0.0 3.0 0.0 0.0 
12.0 0.0 101.0 4.0 4.0 42.0 163.0 697298.0 0.0 19332.0 0.0 0.0 0.0 0.0 0.0 0.0 0.0 0.0 1.0 1.0 0.0 
14.0 0.0 64.0 0.0 0.0 29.0 107.0 0.0 0.0 0.0 0.0 244682.0 0.0 0.0 1088856.0 0.0 0.0 0.0 0.0 0.0 0.0 
20.0 0.0 87.0 1.0 0.0 38.0 146.0 298440.0 0.0 0.0 0.0 71605.0 155865.0 0.0 70698.0 0.0 2.0 0.0 1.0 0.0 0.0 
2.0 0.0 0.0 0.0 0.0 6.0 8.0 37978.0 0.0 32455.0 0.0 0.0 0.0 0.0 0.0 0.0 0.0 0.0 0.0 0.0 0.0 
7.0 0.0 21.0 2.0 10.0 11.0 51.0 379212.0 0.0 0.0 0.0 0.0 0.0 351568.0 105727.0 0.0 0.0 0.0 3.0 2.0 2.0
6.0 0.0 6.0 0.0 0.0 12.0 24.0 0.0 0.0 0.0 0.0 0.0 0.0 0.0 688388.0 0.0 0.0 0.0 0.0 0.0 0.0  
5.0 0.0 13.0 0.0 1.0 13.0 32.0 381456.0 0.0 91372.0 0.0 0.0 0.0 0.0 490176.0 0.0 0.0 0.0 0.0 0.0 0.0 
4.0 0.0 120.0 3.0 2.0 8.0 137.0 0.0 0.0 0.0 0.0 0.0 0.0 128406.0 0.0 0.0 0.0 0.0 1.0 2.0 0.0 
17.0 0.0 41.0 8.0 7.0 20.0 93.0 0.0 0.0 0.0 0.0 0.0 320230.0 246384.0 0.0 0.0 0.0 0.0 4.0 4.0 2.0 
8.0 0.0 100.0 0.0 3.0 40.0 151.0 415008.0 0.0 0.0 0.0 0.0 465153.0 0.0 0.0 1.0 0.0 0.0 0.0 1.0 6.0 
11.0 0.0 64.0 2.0 3.0 22.0 102.0 401360.0 0.0 149078.0 173835.0 0.0 0.0 0.0 288960.0 2.0 0.0 0.0 1.0 1.0 0.0 
12.0 0.0 238.0 4.0 3.0 27.0 284.0 2598280.0 0.0 106109.0 0.0 0.0 0.0 0.0 92617.0 0.0 0.0 0.0 3.0 3.0 0.0 
8.0 0.0 377.0 7.0 3.0 19.0 414.0 1574730.0 0.0 0.0 0.0 0.0 0.0 0.0 0.0 0.0 0.0 0.0 1.0 2.0 0.0 
17.0 0.0 95.0 8.0 13.0 24.0 157.0 642198.0 0.0 161903.0 0.0 0.0 0.0 221838.0 0.0 0.0 0.0 0.0 2.0 7.0 3.0 
10.0 0.0 270.0 5.0 11.0 12.0 308.0 38028.0 0.0 95334.0 0.0 0.0 0.0 367310.0 0.0 0.0 0.0 0.0 1.0 2.0 4.0 
11.0 0.0 49.0 5.0 8.0 13.0 86.0 0.0 0.0 228882.0 0.0 0.0 0.0 28882.0 194847.0 0.0 0.0 0.0 2.0 5.0 0.0 
23.0 0.0 80.0 5.0 22.0 7.0 137.0 0.0 0.0 172599.0 0.0 0.0 0.0 0.0 0.0 0.0 0.0 0.0 1.0 2.0 0.0 
9.0 0.0 13.0 3.0 2.0 16.0 43.0 1149764.0 0.0 0.0 0.0 0.0 0.0 0.0 0.0 0.0 0.0 0.0 1.0 0.0 0.0 
14.0 1.0 60.0 13.0 7.0 14.0 109.0 0.0 0.0 449810.0 0.0 128883.0 0.0 0.0 565568.0 0.0 0.0 0.0 3.0 4.0 0.0 
6.0 0.0 231.0 0.0 6.0 7.0 250.0 158198.0 0.0 0.0 0.0 0.0 0.0 0.0 172388.0 0.0 0.0 0.0 0.0 0.0 0.0 
5.0 0.0 68.0 4.0 9.0 3.0 89.0 0.0 0.0 0.0 0.0 0.0 0.0 133193.0 0.0 0.0 0.0 0.0 3.0 2.0 1.0 
12.0 0.0 51.0 2.0 1.0 22.0 88.0 61072.0 0.0 0.0 0.0 0.0 0.0 0.0 182529.0 0.0 0.0 0.0 1.0 2.0 1.0 
41.0 0.0 61.0 32.0 29.0 9.0 172.0 326954.0 0.0 135305.0 0.0 0.0 0.0 0.0 0.0 0.0 0.0 0.0 2.0 7.0 10.0 
25.0 0.0 88.0 3.0 12.0 12.0 140.0 0.0 0.0 177258.0 0.0 0.0 83194.0 74507.0 0.0 0.0 0.0 0.0 2.0 3.0 3.0 
3.0 0.0 27.0 0.0 3.0 5.0 38.0 0.0 0.0 0.0 0.0 0.0 0.0 81662.0 186627.0 0.0 0.0 0.0 0.0 0.0 1.0 
2.0 0.0 130.0 0.0 0.0 9.0 141.0 582608.0 0.0 0.0 0.0 0.0 0.0 0.0 0.0 0.0 0.0 0.0 0.0 0.0 0.0 
3.0 0.0 80.0 33.0 1.0 8.0 125.0 0.0 0.0 0.0 0.0 0.0 0.0 0.0 0.0 0.0 0.0 0.0 4.0 1.0 0.0 
3.0 0.0 518.0 3.0 2.0 13.0 539.0 878230.0 0.0 0.0 0.0 0.0 0.0 0.0 0.0 1.0 0.0 0.0 1.0 0.0 0.0 
15.0 0.0 52.0 0.0 2.0 20.0 89.0 0.0 0.0 329704.0 0.0 0.0 0.0 0.0 0.0 0.0 0.0 0.0 0.0 0.0 0.0 
1.0 0.0 5.0 0.0 0.0 3.0 9.0 0.0 0.0 0.0 0.0 0.0 0.0 0.0 0.0 0.0 0.0 0.0 0.0 0.0 0.0 
7.0 0.0 402.0 7.0 1.0 26.0 443.0 1202712.0 0.0 0.0 0.0 40146.0 0.0 104548.0 175126.0 0.0 0.0 0.0 2.0 0.0 0.0 
6.0 0.0 11.0 2.0 12.0 8.0 39.0 0.0 0.0 0.0 0.0 0.0 0.0 358790.0 0.0 0.0 0.0 0.0 1.0 2.0 2.0 
8.0 0.0 263.0 0.0 4.0 16.0 291.0 333940.0 0.0 0.0 0.0 0.0 0.0 0.0 0.0 1.0 0.0 0.0 0.0 0.0 0.0 
17.0 0.0 320.0 7.0 8.0 28.0 380.0 530700.0 0.0 0.0 0.0 0.0 0.0 354180.0 0.0 0.0 0.0 0.0 1.0 6.0 1.0 
6.0 0.0 153.0 3.0 9.0 10.0 181.0 71833.0 0.0 350294.0 0.0 0.0 0.0 0.0 0.0 0.0 0.0 0.0 1.0 4.0 0.0 
10.0 0.0 127.0 1.0 1.0 16.0 155.0 113713.0 0.0 145694.0 0.0 0.0 0.0 0.0 0.0 0.0 0.0 0.0 1.0 1.0 0.0 
7.0 0.0 328.0 0.0 1.0 21.0 357.0 312758.0 0.0 0.0 0.0 24862.0 199606.0 0.0 0.0 0.0 2.0 0.0 0.0 0.0 0.0 
19.0 0.0 79.0 8.0 1.0 31.0 138.0 0.0 0.0 0.0 148089.0 276828.0 70019.0 0.0 132761.0 7.0 0.0 0.0 1.0 0.0 3.0 
8.0 0.0 336.0 0.0 1.0 19.0 364.0 246734.0 0.0 0.0 0.0 65263.0 239820.0 0.0 0.0 1.0 0.0 0.0 0.0 0.0 0.0 
8.0 0.0 295.0 0.0 2.0 21.0 326.0 341854.0 0.0 108282.0 0.0 0.0 0.0 0.0 99360.0 0.0 0.0 0.0 0.0 0.0 0.0 
9.0 0.0 45.0 4.0 3.0 7.0 68.0 0.0 0.0 0.0 0.0 0.0 0.0 148950.0 0.0 0.0 0.0 0.0 4.0 3.0 2.0 
6.0 0.0 73.0 0.0 1.0 10.0 90.0 0.0 0.0 0.0 0.0 0.0 0.0 360752.0 0.0 0.0 0.0 0.0 0.0 0.0 2.0 
17.0 0.0 250.0 21.0 12.0 19.0 319.0 884435.0 0.0 79364.0 0.0 0.0 0.0 35536.0 0.0 0.0 0.0 0.0 2.0 3.0 6.0 
11.0 0.0 108.0 7.0 5.0 11.0 142.0 407736.0 0.0 174778.0 0.0 0.0 86016.0 0.0 0.0 0.0 0.0 0.0 2.0 2.0 0.0 
3.0 0.0 369.0 2.0 1.0 6.0 381.0 0.0 0.0 0.0 0.0 0.0 0.0 0.0 0.0 0.0 0.0 0.0 4.0 0.0 0.0 
6.0 0.0 134.0 0.0 3.0 15.0 158.0 356512.0 0.0 82197.0 0.0 0.0 0.0 0.0 279118.0 1.0 0.0 0.0 0.0 0.0 0.0 
4.0 0.0 21.0 3.0 4.0 8.0 40.0 0.0 0.0 168394.0 0.0 0.0 0.0 0.0 181114.0 0.0 0.0 0.0 1.0 1.0 0.0 
21.0 0.0 56.0 3.0 16.0 21.0 117.0 0.0 0.0 225282.0 0.0 0.0 0.0 699596.0 0.0 0.0 0.0 0.0 1.0 3.0 6.0 
57.0 0.0 419.0 8.0 2.0 24.0 510.0 118468.0 0.0 0.0 0.0 0.0 0.0 128171.0 0.0 0.0 2.0 0.0 1.0 0.0 0.0 
19.0 0.0 34.0 5.0 2.0 24.0 84.0 0.0 0.0 13455.0 152241.0 1016526.0 0.0 0.0 0.0 2.0 0.0 0.0 1.0 1.0 0.0 
1.0 0.0 6.0 0.0 0.0 4.0 11.0 0.0 0.0 0.0 0.0 0.0 0.0 0.0 245278.0 0.0 0.0 0.0 0.0 0.0 0.0 
23.0 0.0 37.0 1.0 1.0 14.0 76.0 0.0 0.0 175353.0 0.0 101474.0 0.0 0.0 0.0 0.0 0.0 0.0 2.0 0.0 0.0 
18.0 0.0 34.0 15.0 6.0 4.0 77.0 0.0 0.0 349034.0 0.0 0.0 0.0 0.0 0.0 0.0 0.0 0.0 1.0 2.0 0.0 
11.0 0.0 272.0 12.0 7.0 10.0 312.0 528321.0 0.0 0.0 0.0 0.0 0.0 235624.0 0.0 1.0 0.0 0.0 2.0 0.0 7.0 
4.0 0.0 79.0 0.0 0.0 9.0 92.0 0.0 0.0 0.0 167267.0 148452.0 0.0 0.0 125934.0 2.0 0.0 0.0 0.0 0.0 0.0 
3.0 0.0 164.0 0.0 19.0 10.0 196.0 43947.0 0.0 361952.0 0.0 0.0 0.0 0.0 0.0 0.0 0.0 0.0 0.0 0.0 0.0 
7.0 0.0 86.0 9.0 15.0 6.0 123.0 18816.0 0.0 172452.0 0.0 0.0 0.0 0.0 0.0 0.0 0.0 0.0 2.0 2.0 0.0 
18.0 0.0 252.0 17.0 17.0 8.0 312.0 93993.0 0.0 356470.0 0.0 0.0 0.0 0.0 0.0 0.0 0.0 0.0 2.0 7.0 0.0 
12.0 0.0 110.0 3.0 6.0 13.0 144.0 74304.0 0.0 120567.0 0.0 0.0 0.0 347674.0 0.0 0.0 0.0 0.0 2.0 0.0 4.0 
15.0 0.0 173.0 7.0 7.0 23.0 225.0 243072.0 0.0 0.0 66593.0 0.0 0.0 314990.0 108964.0 2.0 0.0 0.0 2.0 2.0 2.0 
6.0 0.0 67.0 1.0 3.0 8.0 85.0 0.0 0.0 0.0 0.0 0.0 0.0 798261.0 0.0 0.0 0.0 0.0 2.0 2.0 1.0 
9.0 0.0 173.0 1.0 19.0 8.0 210.0 186191.0 0.0 171099.0 0.0 0.0 0.0 151974.0 0.0 0.0 0.0 0.0 1.0 1.0 9.0 
7.0 0.0 208.0 11.0 5.0 11.0 242.0 433950.0 0.0 171137.0 0.0 0.0 0.0 0.0 108208.0 0.0 0.0 0.0 1.0 2.0 0.0 
10.0 0.0 517.0 0.0 0.0 20.0 547.0 357238.0 0.0 19988.0 0.0 0.0 0.0 0.0 0.0 0.0 0.0 0.0 0.0 0.0 0.0 
5.0 0.0 23.0 1.0 3.0 3.0 35.0 0.0 0.0 0.0 0.0 0.0 0.0 180629.0 0.0 0.0 0.0 0.0 1.0 1.0 3.0 
0.0 0.0 0.0 0.0 0.0 2.0 2.0 0.0 0.0 0.0 0.0 0.0 0.0 0.0 0.0 0.0 0.0 0.0 0.0 0.0 0.0 
15.0 0.0 125.0 0.0 1.0 29.0 170.0 63972.0 0.0 364910.0 558340.0 247720.0 0.0 0.0 0.0 11.0 0.0 0.0 0.0 0.0 0.0 
2.0 0.0 15.0 0.0 0.0 6.0 23.0 0.0 0.0 84948.0 0.0 0.0 0.0 0.0 179966.0 0.0 0.0 0.0 0.0 0.0 0.0 
9.0 0.0 389.0 1.0 8.0 9.0 416.0 172807.0 0.0 0.0 0.0 0.0 0.0 227336.0 0.0 0.0 0.0 0.0 4.0 2.0 5.0 
13.0 0.0 143.0 2.0 2.0 26.0 186.0 319950.0 0.0 0.0 0.0 147940.0 125492.0 0.0 0.0 1.0 5.0 1.0 1.0 1.0 0.0 
11.0 0.0 537.0 12.0 6.0 15.0 581.0 1017474.0 0.0 11885.0 0.0 0.0 0.0 0.0 0.0 0.0 0.0 0.0 2.0 2.0 0.0 
20.0 0.0 3.0 0.0 37.0 3.0 63.0 0.0 0.0 168270.0 0.0 0.0 0.0 0.0 0.0 0.0 0.0 0.0 0.0 0.0 0.0 
22.0 0.0 102.0 13.0 12.0 6.0 155.0 62946.0 0.0 175852.0 0.0 0.0 0.0 0.0 0.0 0.0 0.0 0.0 1.0 6.0 0.0 
11.0 0.0 591.0 14.0 10.0 14.0 640.0 845100.0 0.0 36476.0 0.0 0.0 0.0 0.0 0.0 1.0 0.0 0.0 1.0 2.0 0.0 
19.0 0.0 12.0 5.0 10.0 5.0 51.0 0.0 0.0 354784.0 0.0 0.0 0.0 0.0 0.0 0.0 0.0 0.0 1.0 1.0 0.0 
20.0 0.0 220.0 1.0 7.0 28.0 276.0 1075866.0 0.0 10419.0 0.0 0.0 0.0 91689.0 0.0 0.0 0.0 0.0 1.0 3.0 5.0 
23.0 0.0 0.0 0.0 35.0 13.0 71.0 0.0 0.0 180172.0 29738.0 23463.0 0.0 0.0 0.0 3.0 0.0 0.0 0.0 0.0 0.0 
11.0 0.0 367.0 12.0 3.0 21.0 414.0 683740.0 0.0 0.0 26657.0 41670.0 0.0 0.0 0.0 2.0 0.0 0.0 1.0 1.0 0.0 
6.0 0.0 149.0 3.0 11.0 11.0 180.0 227382.0 0.0 341790.0 119773.0 0.0 0.0 0.0 0.0 3.0 0.0 0.0 1.0 1.0 0.0 
29.0 0.0 233.0 1.0 7.0 22.0 292.0 200140.0 0.0 306334.0 55356.0 0.0 0.0 166664.0 173718.0 2.0 0.0 0.0 2.0 2.0 0.0 
1.0 0.0 14.0 0.0 0.0 4.0 19.0 0.0 0.0 0.0 0.0 0.0 0.0 0.0 190012.0 0.0 0.0 0.0 0.0 0.0 0.0 
15.0 0.0 421.0 0.0 2.0 30.0 468.0 682432.0 0.0 384852.0 0.0 0.0 189520.0 37596.0 0.0 0.0 0.0 0.0 0.0 0.0 1.0 
9.0 0.0 361.0 2.0 13.0 12.0 397.0 504999.0 0.0 0.0 0.0 0.0 0.0 135105.0 0.0 0.0 0.0 0.0 1.0 3.0 4.0 
4.0 0.0 76.0 0.0 0.0 11.0 91.0 0.0 0.0 0.0 0.0 168663.0 0.0 0.0 313748.0 0.0 0.0 0.0 0.0 0.0 0.0 
13.0 0.0 312.0 27.0 4.0 24.0 380.0 158621.0 0.0 147411.0 0.0 0.0 94458.0 0.0 0.0 1.0 0.0 0.0 3.0 2.0 0.0 
6.0 0.0 196.0 0.0 1.0 15.0 218.0 965540.0 0.0 0.0 0.0 0.0 0.0 0.0 90080.0 1.0 0.0 0.0 0.0 0.0 0.0 
15.0 0.0 259.0 0.0 1.0 35.0 310.0 584312.0 0.0 111987.0 164014.0 14338.0 0.0 129417.0 0.0 3.0 0.0 0.0 0.0 0.0 0.0 
21.0 0.0 107.0 5.0 7.0 41.0 181.0 281630.0 0.0 0.0 0.0 0.0 25776.0 189982.0 0.0 1.0 10.0 1.0 2.0 2.0 5.0 
7.0 0.0 416.0 0.0 1.0 16.0 440.0 521169.0 0.0 0.0 0.0 82446.0 1472.0 0.0 0.0 1.0 0.0 0.0 0.0 0.0 0.0 
11.0 0.0 111.0 8.0 11.0 14.0 155.0 157521.0 0.0 0.0 0.0 0.0 0.0 174795.0 13459.0 0.0 0.0 0.0 5.0 2.0 3.0 
13.0 0.0 131.0 1.0 2.0 24.0 171.0 348792.0 0.0 133442.0 30827.0 28302.0 0.0 334210.0 0.0 2.0 0.0 0.0 3.0 2.0 1.0 
5.0 0.0 183.0 0.0 1.0 13.0 202.0 256104.0 0.0 57432.0 0.0 163289.0 0.0 0.0 0.0 0.0 0.0 0.0 0.0 0.0 0.0 
15.0 0.0 178.0 1.0 2.0 32.0 228.0 162697.0 0.0 141885.0 58162.0 65912.0 22596.0 0.0 0.0 2.0 5.0 1.0 3.0 0.0 0.0 
26.0 0.0 169.0 2.0 3.0 49.0 249.0 156146.0 0.0 0.0 0.0 62361.0 37020.0 0.0 345626.0 0.0 0.0 0.0 1.0 0.0 2.0 
80.0 1.0 392.0 68.0 13.0 54.0 608.0 349132.0 0.0 0.0 0.0 35752.0 311338.0 0.0 0.0 0.0 0.0 0.0 1.0 2.0 32.0 
11.0 0.0 578.0 10.0 2.0 22.0 623.0 1411792.0 0.0 0.0 0.0 0.0 0.0 0.0 0.0 0.0 0.0 0.0 2.0 0.0 0.0 
8.0 0.0 216.0 0.0 0.0 16.0 240.0 163454.0 0.0 0.0 13733.0 0.0 0.0 0.0 145439.0 2.0 0.0 0.0 0.0 0.0 0.0 
17.0 0.0 91.0 1.0 8.0 26.0 143.0 342912.0 0.0 35176.0 0.0 0.0 0.0 0.0 146250.0 0.0 0.0 0.0 2.0 0.0 0.0 
19.0 0.0 59.0 9.0 6.0 29.0 122.0 0.0 0.0 681188.0 0.0 0.0 0.0 26752.0 0.0 0.0 0.0 0.0 3.0 1.0 0.0 
5.0 0.0 188.0 1.0 6.0 12.0 212.0 187161.0 0.0 145871.0 0.0 0.0 0.0 0.0 495400.0 0.0 0.0 0.0 3.0 0.0 0.0 
15.0 0.0 283.0 8.0 12.0 20.0 338.0 346695.0 0.0 0.0 0.0 0.0 0.0 349774.0 0.0 0.0 0.0 0.0 2.0 4.0 5.0 
8.0 0.0 181.0 10.0 4.0 10.0 213.0 1888.0 0.0 175063.0 0.0 0.0 0.0 0.0 0.0 0.0 0.0 0.0 3.0 4.0 0.0 
10.0 0.0 59.0 0.0 4.0 18.0 91.0 80390.0 0.0 342208.0 0.0 0.0 0.0 0.0 0.0 0.0 0.0 0.0 0.0 0.0 0.0 
15.0 0.0 111.0 10.0 10.0 14.0 160.0 727640.0 0.0 80834.0 0.0 0.0 0.0 268032.0 0.0 0.0 0.0 0.0 3.0 3.0 2.0 
7.0 0.0 304.0 5.0 3.0 17.0 336.0 725070.0 0.0 31719.0 173041.0 0.0 0.0 0.0 0.0 2.0 0.0 0.0 1.0 0.0 0.0 
5.0 0.0 14.0 0.0 2.0 7.0 28.0 0.0 0.0 69279.0 175226.0 0.0 0.0 156948.0 0.0 2.0 0.0 0.0 0.0 0.0 2.0 
5.0 0.0 43.0 0.0 1.0 16.0 65.0 0.0 0.0 0.0 0.0 0.0 286578.0 501447.0 116443.0 0.0 0.0 0.0 0.0 0.0 0.0 
8.0 0.0 221.0 3.0 6.0 7.0 245.0 0.0 0.0 140261.0 0.0 0.0 0.0 573206.0 0.0 0.0 0.0 0.0 5.0 2.0 2.0 
23.0 0.0 114.0 14.0 12.0 14.0 177.0 146968.0 0.0 175986.0 0.0 0.0 0.0 162429.0 0.0 0.0 0.0 0.0 2.0 6.0 3.0 
11.0 0.0 222.0 0.0 1.0 24.0 258.0 129790.0 0.0 351504.0 42591.0 92261.0 0.0 0.0 0.0 2.0 0.0 0.0 0.0 0.0 0.0 
9.0 0.0 86.0 6.0 5.0 7.0 113.0 0.0 0.0 141676.0 0.0 10834.0 0.0 0.0 0.0 0.0 0.0 0.0 1.0 1.0 0.0 
17.0 0.0 70.0 21.0 15.0 10.0 133.0 11762.0 0.0 527772.0 0.0 0.0 0.0 0.0 0.0 0.0 0.0 0.0 2.0 5.0 0.0 
9.0 0.0 45.0 4.0 17.0 3.0 78.0 0.0 0.0 176615.0 0.0 0.0 0.0 0.0 0.0 0.0 0.0 0.0 1.0 0.0 0.0 
4.0 0.0 63.0 0.0 0.0 6.0 73.0 0.0 0.0 0.0 0.0 0.0 0.0 15027.0 332998.0 0.0 0.0 0.0 0.0 0.0 0.0 
6.0 0.0 362.0 1.0 5.0 16.0 390.0 768120.0 0.0 177629.0 0.0 0.0 0.0 118298.0 0.0 0.0 0.0 0.0 1.0 1.0 3.0 
5.0 0.0 37.0 0.0 6.0 13.0 61.0 74860.0 0.0 187369.0 56190.0 22214.0 0.0 0.0 0.0 4.0 0.0 0.0 0.0 0.0 0.0 
6.0 0.0 105.0 2.0 1.0 11.0 125.0 0.0 0.0 348282.0 0.0 0.0 0.0 31367.0 170363.0 0.0 0.0 0.0 2.0 0.0 0.0 
5.0 0.0 17.0 0.0 2.0 12.0 36.0 0.0 0.0 357678.0 0.0 0.0 0.0 0.0 101169.0 0.0 0.0 0.0 0.0 0.0 0.0 
8.0 0.0 82.0 0.0 0.0 21.0 111.0 185026.0 0.0 97781.0 135934.0 0.0 0.0 0.0 713799.0 1.0 0.0 0.0 0.0 0.0 0.0 
11.0 0.0 454.0 8.0 3.0 20.0 496.0 639335.0 0.0 0.0 0.0 0.0 0.0 0.0 29438.0 0.0 0.0 0.0 1.0 2.0 0.0 
8.0 0.0 65.0 0.0 1.0 22.0 96.0 0.0 0.0 22606.0 0.0 0.0 0.0 0.0 650196.0 0.0 0.0 0.0 0.0 0.0 0.0 
9.0 0.0 157.0 0.0 4.0 20.0 190.0 457212.0 0.0 90095.0 0.0 321372.0 0.0 0.0 0.0 0.0 0.0 0.0 0.0 0.0 0.0 
28.0 0.0 254.0 0.0 4.0 36.0 322.0 261762.0 0.0 0.0 0.0 0.0 153646.0 0.0 727135.0 0.0 2.0 0.0 0.0 0.0 0.0 
10.0 0.0 128.0 0.0 1.0 21.0 160.0 166908.0 0.0 70391.0 0.0 76904.0 0.0 0.0 0.0 0.0 0.0 0.0 0.0 0.0 0.0 
1.0 0.0 0.0 0.0 0.0 3.0 4.0 0.0 0.0 0.0 0.0 0.0 0.0 0.0 0.0 0.0 0.0 0.0 0.0 0.0 0.0 
5.0 0.0 313.0 0.0 2.0 9.0 329.0 205298.0 0.0 170380.0 0.0 0.0 0.0 0.0 0.0 0.0 0.0 0.0 0.0 0.0 0.0 
18.0 0.0 156.0 0.0 11.0 18.0 203.0 168373.0 0.0 0.0 0.0 0.0 54684.0 206742.0 0.0 0.0 0.0 0.0 0.0 1.0 14.0 
11.0 0.0 403.0 0.0 2.0 25.0 441.0 686572.0 0.0 113747.0 22375.0 0.0 0.0 0.0 0.0 2.0 0.0 0.0 0.0 0.0 0.0 
7.0 0.0 57.0 1.0 0.0 11.0 76.0 170417.0 0.0 153779.0 0.0 0.0 12758.0 0.0 0.0 0.0 0.0 0.0 2.0 0.0 1.0 
12.0 0.0 169.0 8.0 4.0 24.0 217.0 263920.0 0.0 249548.0 0.0 0.0 144114.0 190704.0 0.0 0.0 0.0 0.0 1.0 3.0 4.0 
5.0 0.0 96.0 0.0 4.0 3.0 108.0 169509.0 0.0 0.0 0.0 0.0 0.0 0.0 0.0 0.0 0.0 0.0 0.0 0.0 0.0 
13.0 0.0 160.0 1.0 1.0 24.0 199.0 259632.0 0.0 0.0 0.0 0.0 137914.0 157925.0 0.0 0.0 0.0 0.0 1.0 0.0 0.0 
10.0 1.0 229.0 5.0 1.0 22.0 268.0 0.0 0.0 333810.0 111929.0 0.0 86863.0 131852.0 0.0 1.0 0.0 0.0 1.0 2.0 0.0 
5.0 0.0 227.0 0.0 1.0 12.0 245.0 169160.0 0.0 168803.0 0.0 0.0 0.0 0.0 0.0 0.0 0.0 0.0 0.0 0.0 0.0 
0.0 0.0 8.0 0.0 0.0 2.0 10.0 0.0 0.0 0.0 0.0 0.0 0.0 0.0 0.0 0.0 0.0 0.0 0.0 0.0 0.0 
4.0 0.0 597.0 0.0 1.0 9.0 611.0 347806.0 0.0 0.0 0.0 0.0 0.0 21269.0 0.0 0.0 0.0 0.0 0.0 0.0 1.0 
3.0 0.0 325.0 0.0 2.0 7.0 337.0 63059.0 0.0 174990.0 0.0 0.0 0.0 0.0 0.0 0.0 0.0 0.0 0.0 0.0 0.0 
9.0 0.0 150.0 14.0 10.0 10.0 193.0 0.0 0.0 120653.0 0.0 0.0 156271.0 137732.0 0.0 0.0 0.0 0.0 2.0 3.0 0.0 
8.0 0.0 88.0 21.0 5.0 8.0 130.0 0.0 0.0 174629.0 0.0 0.0 0.0 0.0 31551.0 0.0 0.0 0.0 1.0 3.0 0.0 
13.0 0.0 119.0 20.0 4.0 5.0 161.0 0.0 0.0 197863.0 0.0 0.0 0.0 0.0 0.0 0.0 0.0 0.0 1.0 4.0 0.0 
12.0 0.0 175.0 8.0 7.0 6.0 208.0 0.0 0.0 0.0 0.0 0.0 0.0 334962.0 0.0 0.0 0.0 0.0 1.0 5.0 4.0 
13.0 0.0 211.0 20.0 6.0 17.0 267.0 720544.0 0.0 101426.0 0.0 0.0 0.0 0.0 0.0 0.0 0.0 0.0 1.0 4.0 0.0 
21.0 0.0 457.0 9.0 6.0 13.0 506.0 0.0 0.0 653876.0 0.0 0.0 0.0 0.0 0.0 0.0 0.0 0.0 2.0 3.0 1.0 
5.0 0.0 27.0 0.0 22.0 8.0 62.0 0.0 0.0 52471.0 0.0 0.0 0.0 0.0 328612.0 0.0 0.0 0.0 0.0 0.0 0.0 
7.0 0.0 196.0 17.0 1.0 15.0 236.0 349544.0 0.0 0.0 71362.0 115901.0 0.0 0.0 0.0 2.0 0.0 0.0 4.0 3.0 0.0 
2.0 0.0 13.0 13.0 1.0 3.0 32.0 0.0 0.0 0.0 0.0 0.0 0.0 0.0 0.0 0.0 0.0 0.0 1.0 0.0 0.0 
11.0 0.0 117.0 3.0 3.0 26.0 160.0 1263880.0 0.0 65481.0 0.0 0.0 0.0 0.0 0.0 0.0 0.0 0.0 1.0 0.0 0.0 
7.0 0.0 248.0 4.0 11.0 14.0 284.0 0.0 0.0 0.0 0.0 0.0 0.0 273400.0 0.0 0.0 0.0 0.0 1.0 0.0 7.0 
4.0 0.0 381.0 0.0 2.0 7.0 394.0 308128.0 0.0 0.0 0.0 0.0 0.0 0.0 0.0 0.0 0.0 0.0 0.0 0.0 0.0 
4.0 0.0 53.0 1.0 4.0 3.0 65.0 0.0 0.0 0.0 0.0 0.0 0.0 141133.0 0.0 0.0 0.0 0.0 2.0 2.0 1.0 
4.0 0.0 185.0 4.0 3.0 11.0 207.0 398084.0 0.0 0.0 0.0 0.0 0.0 0.0 0.0 0.0 0.0 0.0 2.0 2.0 0.0 
11.0 0.0 148.0 1.0 2.0 23.0 185.0 973356.0 0.0 0.0 0.0 37169.0 0.0 24154.0 0.0 0.0 2.0 0.0 4.0 2.0 0.0 
2.0 0.0 189.0 4.0 1.0 8.0 204.0 107422.0 0.0 0.0 0.0 0.0 0.0 0.0 165489.0 0.0 0.0 0.0 2.0 0.0 0.0 
11.0 0.0 99.0 3.0 5.0 20.0 138.0 487440.0 0.0 0.0 0.0 0.0 0.0 0.0 46619.0 0.0 0.0 0.0 3.0 5.0 2.0 
4.0 0.0 83.0 0.0 0.0 12.0 99.0 63760.0 0.0 0.0 0.0 0.0 0.0 0.0 117343.0 0.0 0.0 0.0 0.0 0.0 0.0 
3.0 0.0 251.0 0.0 0.0 8.0 262.0 68974.0 0.0 0.0 0.0 0.0 0.0 0.0 0.0 0.0 0.0 0.0 0.0 0.0 0.0 
17.0 0.0 208.0 18.0 10.0 24.0 277.0 508665.0 0.0 114771.0 0.0 65038.0 0.0 0.0 0.0 1.0 0.0 0.0 1.0 4.0 2.0 
10.0 0.0 220.0 6.0 3.0 20.0 259.0 568128.0 0.0 0.0 0.0 0.0 0.0 328407.0 30603.0 0.0 0.0 0.0 2.0 2.0 0.0 
6.0 0.0 17.0 0.0 2.0 13.0 38.0 250526.0 0.0 175806.0 0.0 0.0 0.0 0.0 52378.0 0.0 0.0 0.0 0.0 0.0 0.0 
14.0 0.0 21.0 9.0 2.0 9.0 55.0 0.0 0.0 0.0 0.0 0.0 0.0 0.0 0.0 0.0 2.0 0.0 1.0 2.0 1.0 
9.0 0.0 69.0 0.0 5.0 18.0 101.0 339417.0 0.0 0.0 121407.0 171338.0 0.0 0.0 0.0 2.0 0.0 0.0 0.0 0.0 0.0 
8.0 0.0 314.0 0.0 7.0 11.0 340.0 0.0 0.0 100731.0 0.0 174143.0 0.0 315092.0 0.0 0.0 0.0 0.0 0.0 0.0 7.0 
9.0 0.0 395.0 0.0 0.0 15.0 419.0 0.0 0.0 0.0 0.0 168037.0 217378.0 260524.0 0.0 0.0 0.0 0.0 0.0 0.0 1.0 
8.0 0.0 116.0 1.0 1.0 21.0 147.0 43405.0 0.0 173378.0 0.0 0.0 303888.0 0.0 0.0 0.0 5.0 1.0 3.0 0.0 0.0 
9.0 0.0 71.0 9.0 5.0 11.0 105.0 0.0 0.0 0.0 0.0 11513.0 0.0 0.0 0.0 0.0 0.0 0.0 2.0 0.0 0.0 
1.0 0.0 5.0 0.0 0.0 4.0 10.0 0.0 0.0 0.0 0.0 0.0 0.0 0.0 177714.0 0.0 0.0 0.0 0.0 0.0 0.0 
7.0 0.0 11.0 0.0 0.0 16.0 34.0 0.0 0.0 0.0 0.0 0.0 0.0 0.0 720692.0 0.0 0.0 0.0 0.0 0.0 0.0 
6.0 0.0 31.0 0.0 0.0 11.0 48.0 0.0 0.0 167236.0 0.0 0.0 0.0 0.0 298624.0 0.0 0.0 0.0 0.0 0.0 0.0 
12.0 0.0 30.0 3.0 2.0 21.0 68.0 124966.0 0.0 0.0 0.0 0.0 0.0 42545.0 0.0 0.0 4.0 1.0 2.0 2.0 0.0 
10.0 0.0 288.0 13.0 3.0 19.0 333.0 664568.0 0.0 51217.0 0.0 0.0 0.0 90970.0 0.0 0.0 0.0 0.0 2.0 3.0 0.0 